eps_weiss:      0.827689917589983
eps_schwarz:    0.890274868176158
eps_matt:       0.29225069193487
eps_poliert:    0.0410823749954513
